title: test signature set
nbands: 4
class:
 classnum: 0
 classtitle: test class signature
 classtype: 1
 subclass:
  pi: 0.0228157
  means: 3.0403 4.44041 15.1628 16.3075
  covar:
    3.45177 -0.969124 -1.87033 -1.03228
    -0.969124 8.30026 27.6128 16.6528
    -1.87033 27.6128 99.1536 57.1127
    -1.03228 16.6528 57.1127 85.1576
 endsubclass:
 subclass:
  pi: 0.0571739
  means: 15.3183 55.7837 42.2348 6.78873
  covar:
    63.0766 239.854 98.7559 11.0216
    239.854 979.586 404.551 45.1216
    98.7559 404.551 439.09 -0.392688
    11.0216 45.1216 -0.392688 8.758
 endsubclass:
 subclass:
  pi: 0.0565507
  means: 64.6635 50.9621 24.0186 15.1337
  covar:
    1217.74 250.641 188.231 57.5099
    250.641 930.417 246.393 264.068
    188.231 246.393 169.704 73.232
    57.5099 264.068 73.232 80.6587
 endsubclass:
 subclass:
  pi: 0.0805969
  means: 27.1938 16.162 58.1898 35.1352
  covar:
    262.229 36.3777 97.6555 -62.1968
    36.3777 55.3003 179.589 69.4279
    97.6555 179.589 683.846 300.364
    -62.1968 69.4279 300.364 316.029
 endsubclass:
 subclass:
  pi: 0.0241264
  means: 47.518 81.952 35.2244 103.975
  covar:
    713.686 611.669 412.254 1018.32
    611.669 964.437 309.221 763.886
    412.254 309.221 305.877 717.789
    1018.32 763.886 717.789 1888.1
 endsubclass:
 subclass:
  pi: 0.0295384
  means: 47.1693 11.8227 59.4372 81.5318
  covar:
    871.086 -51.9201 -147.25 154.614
    -51.9201 41.5445 93.8607 36.4953
    -147.25 93.8607 1015.58 -49.7303
    154.614 36.4953 -49.7303 1595.45
 endsubclass:
 subclass:
  pi: 0.0629818
  means: 122.389 30.0758 41.4651 22.6284
  covar:
    2618.38 273.653 981.304 188.297
    273.653 185.974 112.815 124.275
    981.304 112.815 407.702 90.6308
    188.297 124.275 90.6308 105.54
 endsubclass:
 subclass:
  pi: 0.0735254
  means: 63.8984 34.4844 5.41874 45.1666
  covar:
    1373.75 386.485 14.4091 440.28
    386.485 288.407 1.73866 83.9494
    14.4091 1.73866 0.739556 7.78198
    440.28 83.9494 7.78198 629.198
 endsubclass:
 subclass:
  pi: 0.034782
  means: 57.5382 182.059 42.9976 62.9006
  covar:
    951.565 1517.53 437.537 604.281
    1517.53 7779.9 992.677 2957.69
    437.537 992.677 456.402 469.55
    604.281 2957.69 469.55 1283.26
 endsubclass:
 subclass:
  pi: 0.0314277
  means: 33.5493 104.754 25.0656 37.9879
  covar:
    118.204 274.153 111.402 111.613
    274.153 1453.11 234.911 532.679
    111.402 234.911 137.501 105.479
    111.613 532.679 105.479 205.251
 endsubclass:
 subclass:
  pi: 0.0189422
  means: 228.281 56.185 110.169 48.5984
  covar:
    8105.09 844.49 -298.333 -605.828
    844.49 554.518 363.104 256.146
    -298.333 363.104 1223.33 374.897
    -605.828 256.146 374.897 336.081
 endsubclass:
 subclass:
  pi: 0.0893925
  means: 6.57192 48.8566 55.8663 115.484
  covar:
    6.83949 10.6262 5.35663 48.6167
    10.6262 526.263 26.0855 276.555
    5.35663 26.0855 953.066 921.481
    48.6167 276.555 921.481 7102.64
 endsubclass:
 subclass:
  pi: 0.0328732
  means: 89.476 46.9676 10.2776 49.2526
  covar:
    1505.13 530.279 29.1625 325.338
    530.279 481.842 -4.02872 -127.188
    29.1625 -4.02872 18.7509 28.4785
    325.338 -127.188 28.4785 718.663
 endsubclass:
 subclass:
  pi: 0.072821
  means: 32.2859 5.36685 43.6241 52.0537
  covar:
    280.995 0.966213 55.2131 180.556
    0.966213 0.709809 7.11192 1.57315
    55.2131 7.11192 595.562 21.9872
    180.556 1.57315 21.9872 737.124
 endsubclass:
 subclass:
  pi: 0.0585117
  means: 14.9603 18.1455 11.0328 38.7459
  covar:
    62.753 35.3444 42.5811 160.372
    35.3444 231.202 30.4341 102.515
    42.5811 30.4341 33.7474 120.746
    160.372 102.515 120.746 469.768
 endsubclass:
 subclass:
  pi: 0.0501462
  means: 25.5946 12.8514 7.80569 8.29632
  covar:
    305.657 76.2141 90.1924 43.2311
    76.2141 73.6771 21.7476 48.2687
    90.1924 21.7476 28.6026 12.3227
    43.2311 48.2687 12.3227 37.0157
 endsubclass:
 subclass:
  pi: 0.0504958
  means: 18.6096 59.6639 26.4213 5.41668
  covar:
    151.905 462.762 127.897 5.27726
    462.762 1457.33 393.691 16.7579
    127.897 393.691 140.483 3.47236
    5.27726 16.7579 3.47236 0.673893
 endsubclass:
 subclass:
  pi: 0.06749
  means: 52.9872 34.8115 110.388 29.0999
  covar:
    564.991 -26.086 -58.2176 55.4998
    -26.086 144.973 342.851 91.0491
    -58.2176 342.851 2103.68 191.913
    55.4998 91.0491 191.913 145.491
 endsubclass:
 subclass:
  pi: 0.0478007
  means: 48.435 94.0859 135.112 39.9074
  covar:
    679.986 30.9444 567.083 114.005
    30.9444 1484.53 -714.187 -196.818
    567.083 -714.187 9001.14 1516.9
    114.005 -196.818 1516.9 715.621
 endsubclass:
 subclass:
  pi: 0.0380077
  means: 35.6187 34.0328 25.2413 87.5102
  covar:
    104.729 33.4464 34.1973 157.047
    33.4464 301.029 112.745 314.556
    34.1973 112.745 103.882 320.296
    157.047 314.556 320.296 1169.9
 endsubclass:
endclass:
class:
 classnum: 0
 classtitle: test class signature
 classtype: 1
 subclass:
  pi: 0.114947
  means: 157.704 35.4389 41.3422 9.44135
  covar:
    230.079 32.9674 52.7662 10.3777
    32.9674 40.8753 12.9431 11.1203
    52.7662 12.9431 37.0567 3.80712
    10.3777 11.1203 3.80712 3.61117
 endsubclass:
 subclass:
  pi: 0.0254012
  means: 94.2044 40.9981 27.001 11.6347
  covar:
    347.246 49.3599 57.6908 8.99231
    49.3599 104.946 25.0353 28.7136
    57.6908 25.0353 37.387 6.0838
    8.99231 28.7136 6.0838 9.67559
 endsubclass:
 subclass:
  pi: 0.0422382
  means: 94.4037 24.0406 25.3288 6.35092
  covar:
    163.977 41.7476 35.6196 10.9977
    41.7476 72.6176 23.7739 18.4903
    35.6196 23.7739 24.6433 6.43301
    10.9977 18.4903 6.43301 5.10659
 endsubclass:
 subclass:
  pi: 0.0614458
  means: 152.812 11.6372 34.6773 3.33968
  covar:
    1096.85 30.0916 174.646 7.38747
    30.0916 22.1521 12.4132 5.81365
    174.646 12.4132 159.909 3.35904
    7.38747 5.81365 3.35904 1.68176
 endsubclass:
 subclass:
  pi: 0.128208
  means: 166.774 35.3529 43.9911 8.5839
  covar:
    508.484 10.2726 130.992 4.34227
    10.2726 49.0405 5.13835 9.68025
    130.992 5.13835 50.8268 1.86281
    4.34227 9.68025 1.86281 2.43646
 endsubclass:
 subclass:
  pi: 0.0651584
  means: 173.149 51.0246 46.7487 13.2442
  covar:
    478.167 23.8898 76.0907 3.00647
    23.8898 70.9155 8.74607 15.0978
    76.0907 8.74607 35.9608 1.94261
    3.00647 15.0978 1.94261 5.4865
 endsubclass:
 subclass:
  pi: 0.0284138
  means: 228.801 34.823 45.1905 9.61797
  covar:
    2707.14 -172.234 51.6614 -60.5761
    -172.234 99.6886 47.096 26.8054
    51.6614 47.096 213.489 14.4991
    -60.5761 26.8054 14.4991 8.25278
 endsubclass:
 subclass:
  pi: 0.0353042
  means: 180.927 59.8873 45.8726 16.9
  covar:
    1855.1 -55.3281 285.321 -43.9108
    -55.3281 142.325 9.24597 36.427
    285.321 9.24597 128.02 -1.51083
    -43.9108 36.427 -1.51083 13.2973
 endsubclass:
 subclass:
  pi: 0.0645236
  means: 186.531 28.0281 45.3721 7.31474
  covar:
    212.329 47.8093 16.4062 11.309
    47.8093 53.3535 11.0093 12.7728
    16.4062 11.0093 39.4695 2.56156
    11.309 12.7728 2.56156 3.42132
 endsubclass:
 subclass:
  pi: 0.0155099
  means: 171.193 27.603 31.2612 7.37372
  covar:
    359.898 -126.51 -131.761 -33.8627
    -126.51 103.66 45.6983 26.5427
    -131.761 45.6983 117.633 12.1813
    -33.8627 26.5427 12.1813 7.25595
 endsubclass:
 subclass:
  pi: 0.0674465
  means: 174.768 38.0024 39.3248 9.29573
  covar:
    586.192 132.637 200.692 22.0601
    132.637 94.3636 75.5118 17.2218
    200.692 75.5118 122.177 12.7727
    22.0601 17.2218 12.7727 3.87381
 endsubclass:
 subclass:
  pi: 0.0481458
  means: 228.919 27.6364 61.8651 7.02339
  covar:
    735.991 1.37405 157.323 0.407886
    1.37405 31.7681 -1.29264 6.8313
    157.323 -1.29264 130.42 -0.0341712
    0.407886 6.8313 -0.0341712 1.83122
 endsubclass:
 subclass:
  pi: 0.109857
  means: 141.693 24.1885 35.1793 6.37535
  covar:
    1020.36 150.728 271.688 36.6351
    150.728 41.5753 41.8523 10.1117
    271.688 41.8523 101.924 10.0951
    36.6351 10.1117 10.0951 2.81253
 endsubclass:
 subclass:
  pi: 0.0377702
  means: 153.729 28.4405 44.2614 8.54341
  covar:
    1526.48 111.892 416.558 29.8339
    111.892 73.7693 -10.3959 21.7374
    416.558 -10.3959 212.492 -4.8579
    29.8339 21.7374 -4.8579 6.89466
 endsubclass:
 subclass:
  pi: 0.0144615
  means: 193.243 85.2518 48.384 22.3993
  covar:
    742.536 -74.1264 58.7018 -45.42
    -74.1264 400.972 13.4672 83.9281
    58.7018 13.4672 55.9099 7.08235
    -45.42 83.9281 7.08235 28.3187
 endsubclass:
 subclass:
  pi: 0.0556368
  means: 219.777 40.9392 57.1812 10.8116
  covar:
    667.635 0.589288 125.52 -7.15625
    0.589288 50.8215 -17.7514 10.9081
    125.52 -17.7514 131.058 -4.35516
    -7.15625 10.9081 -4.35516 3.85292
 endsubclass:
 subclass:
  pi: 0.024815
  means: 129.053 52.6901 35.271 12.3462
  covar:
    1698.76 409.026 364.648 71.0645
    409.026 257.364 118.491 49.5295
    364.648 118.491 98.6865 22.0131
    71.0645 49.5295 22.0131 10.9158
 endsubclass:
 subclass:
  pi: 0.0044952
  means: 186.916 80.9335 46.675 25.9095
  covar:
    3448.88 -796.444 121.456 -330.019
    -796.444 676.5 88.4567 225.304
    121.456 88.4567 250.876 21.2858
    -330.019 225.304 21.2858 83.9112
 endsubclass:
 subclass:
  pi: 0.0445774
  means: 146.578 16.4489 42.575 4.1558
  covar:
    118.119 1.40395 9.5982 0.743874
    1.40395 16.5858 0.578991 3.53991
    9.5982 0.578991 27.3919 0.150088
    0.743874 3.53991 0.150088 0.909475
 endsubclass:
 subclass:
  pi: 0.0116444
  means: 228.951 8.08526 47.3215 2.57786
  covar:
    2845.3 -17.2623 -74.1385 -6.54839
    -17.2623 9.18634 4.00221 2.65933
    -74.1385 4.00221 455.217 0.413069
    -6.54839 2.65933 0.413069 0.865372
 endsubclass:
endclass:
